# Branch core root node indices (LEAF_OWNED_PCT=78%)
# 166 branch cores total
2
113
453
781
1532
1533
49289
49292
49293
49298
49299
88562
88563
107930
107931
132914
137561
138206
138207
150751
151915
152514
152515
154692
154693
195708
195709
273029
274979
276578
276579
280787
282290
287798
288032
288033
342534
362619
364828
364829
379196
379197
395811
397398
429026
429027
440582
487254
487255
497073
498580
498581
538584
538585
578516
601686
601687
621092
621093
649896
662872
662873
690042
690043
713347
714903
717271
717884
717885
728512
728513
783405
783416
783417
783418
783419
852324
852325
894683
894686
894687
900050
900051
945590
952681
955972
955973
955975
956458
993224
993225
1002514
1002515
1047936
1047937
1051520
1081168
1081169
1092340
1108816
1108817
1126273
1126932
1126933
1139362
1139363
1173307
1173925
1174408
1174409
1183860
1183861
1253570
1253571
1276547
1277136
1277137
1303808
1306858
1309901
1310218
1310219
1331456
1350425
1351226
1351227
1366242
1375282
1375283
1408305
1408311
1408312
1408313
1410329
1410650
1410651
1482598
1482599
1483538
1483539
1525972
1525973
1548318
1554530
1554531
1600356
1600357
1626246
1635826
1644522
1649559
1649560
1649561
1675929
1675930
1675931
1710848
1710849
1731327
1731329
1731333
1731334
1731335
1748842
1749804
1749805
