# Leaf core root node indices (LEAF_OWNED_PCT=78%)
# 7574 leaf cores total
2
79
113
456
461
462
502
503
964
1062
1063
1537
1539
1541
1544
1778
1779
1920
2584
2632
2784
2785
3542
3603
3604
3605
3817
3830
3831
4604
5052
5053
5377
5400
5401
5659
5699
5760
5761
6390
6391
6690
6691
7296
7552
7553
8186
8187
8750
8751
9000
9074
9075
9856
9857
9980
10189
10224
10225
10562
10563
11498
11541
11566
11567
11672
11737
11770
11771
12824
12825
12829
12848
12849
13772
13998
13999
14336
14586
14587
14898
14899
15548
15549
15898
15899
16570
16571
16830
17144
17145
17710
17711
17897
18142
18292
18293
18612
18613
18730
19544
19651
19738
19739
20074
20075
20182
20904
21140
21141
21210
21211
22008
22009
22416
22417
23032
23033
23114
23115
24020
24021
24151
24180
24181
24744
24745
25423
25460
25461
25570
25571
26490
26491
26777
26798
26799
27460
27461
27849
27872
27873
28038
28039
28952
29480
29481
29804
29805
30232
30233
30634
30635
31052
31053
31468
31469
31890
31891
32240
32241
32600
32601
32962
32963
33627
33628
33888
33889
34472
34771
34772
34773
35414
35702
35703
36268
36412
36413
36960
37173
37174
37175
37937
37938
37939
38725
38726
38727
39509
39510
39511
40303
40304
40305
41073
41074
41075
41830
41831
42226
42227
42608
42609
42980
42981
43362
43599
43602
43603
44102
44103
44765
44770
44771
45180
45181
45608
45609
46211
46212
46213
46916
47028
47029
47555
47558
47559
47979
47980
47981
48508
48509
49282
49314
49315
49322
50042
50043
50766
50948
50949
51588
51589
51622
51623
52451
52454
52455
52558
53226
53227
53271
53310
53311
54637
54660
54661
54850
54851
55702
55703
55808
55809
56842
56843
57044
57045
57744
57745
57912
57913
58754
58755
58756
58757
59802
59803
59844
59845
60656
60657
61122
61123
61246
61247
61822
61823
62336
62337
62848
62849
63504
63505
63968
63969
64730
64731
64837
64852
64853
65408
65409
66342
66343
66709
66728
66729
67722
67723
68428
68429
68550
68551
69736
69737
69760
69761
70550
70551
70770
70771
71272
71273
71736
71737
72168
72169
72620
72621
73370
73371
73800
73801
74302
74303
75002
75003
75174
75175
76014
76015
76570
77250
77251
77252
78050
78051
78084
78085
78960
78961
78962
78963
79878
79879
80617
80620
80621
80702
80864
81610
81611
82476
82478
82532
82533
83080
83081
83408
83409
84228
84229
84275
84352
84353
84958
84959
85376
85377
86412
86413
86858
86859
87532
87533
88255
88256
88257
88727
88960
88961
89026
89027
90172
90173
90174
90175
91492
91493
91556
91557
92412
92413
93010
93011
93568
93569
94460
94461
94916
94917
95366
95367
95954
95955
96768
96769
96792
96793
98194
98195
98197
98214
98215
99727
99728
99729
100574
100575
100914
100915
101578
101579
102308
102976
102977
103169
103171
103185
103228
103650
103682
104352
104353
104368
104369
105046
105604
105605
106364
106365
106394
106395
107264
107265
107888
107889
108588
108590
108591
109210
109211
109438
109973
109974
109975
110025
110036
110037
111390
111391
111584
112206
112207
112306
112902
112903
112941
112964
112965
113750
114268
114269
114538
114539
115243
115248
115249
115452
116128
116129
116158
116159
116993
117018
117019
117666
118296
118370
118371
119036
119037
119274
119275
119964
120341
120374
120375
120528
120529
121334
121335
121852
122360
122361
122499
122518
122519
123478
123838
123839
124226
124227
124549
124550
124566
124567
125230
125231
126138
126139
126540
126541
127360
127428
127429
127762
128322
128323
129004
129005
129324
129820
129821
129864
130354
130355
130464
130465
131096
131097
131724
132194
132195
132600
132601
133024
133025
133120
133121
134020
134024
134025
134080
134081
135216
135296
135297
135808
135809
136696
137008
137009
137428
137794
137795
138212
138213
138816
138817
138872
138873
140066
140067
140072
140073
140872
141161
141193
141212
141213
141230
141231
142620
142621
142822
142823
143781
143806
143807
143876
143877
145007
145010
145011
145025
145089
145141
145155
145190
145191
145921
145952
145953
147352
147353
148651
148652
148978
148979
149992
150282
150283
150756
150757
151326
151327
151912
152139
152140
152468
152469
153204
153308
153657
153672
153673
153864
153865
154605
154626
154834
154902
154903
154908
154909
155886
156161
156226
156374
156418
156419
156590
156591
156760
156761
157616
157617
158080
158081
158380
158381
159524
159525
159681
159706
159822
159823
160194
160195
160650
161356
161658
161659
161717
161764
161765
161794
161795
163004
163005
163170
163171
163332
163333
164736
164737
165262
165263
166146
166147
166180
166615
166656
166657
166896
167298
167299
167737
167810
167811
168581
168626
168627
169058
169059
169464
169465
170238
170239
170546
170547
171082
171083
171628
171629
171916
171917
173058
173198
173740
173741
173818
173838
174202
174272
174273
174522
174523
175028
175029
175457
175512
175513
175624
176712
176713
176960
176961
177656
178562
178563
178652
178653
179114
179115
179542
179543
180202
180203
180462
180482
180483
181346
181347
181484
181485
182466
182467
182658
182659
183062
183063
184002
184003
184177
184204
184205
185136
185137
185398
185399
186470
186471
186552
186553
187174
187560
187561
187992
187993
188018
188019
188290
189280
189281
189328
189963
190022
190023
190338
190339
190587
190616
190617
191706
191707
192798
192799
193039
193130
193134
193190
193191
194071
194150
194307
194361
194362
194363
194376
194377
194508
194509
195532
195533
195782
195783
197108
197109
197130
197131
197158
197159
198112
198113
198405
198474
198475
198736
198737
199526
199527
200065
200140
200141
200518
200519
200976
200977
202123
202294
202295
202754
202755
203438
203439
203444
203445
203460
203461
205229
205255
205270
205271
205316
205317
205956
205957
206139
206212
206213
207236
208232
208233
209276
209277
209308
209582
209583
209746
209983
210270
210271
210308
210309
211216
211217
211332
211333
211970
211971
212500
212501
213328
213329
213338
213339
213726
213727
214478
214479
215002
215003
215016
215017
216562
216563
216756
216757
216765
217518
217519
217858
218282
218283
218752
218753
218754
218755
219650
219651
220062
220063
220432
221038
221039
221288
221289
221652
221653
222084
222085
223233
223240
223241
223402
223403
223656
223657
224032
224033
225037
225086
225087
225178
225284
225285
225946
226444
226445
226448
226449
227304
227305
227944
227945
227961
227984
227985
230016
230017
230046
230047
230156
230844
230845
230888
230889
231422
231423
232053
232080
232081
232583
232632
232633
233348
233472
234312
234313
234848
234849
234863
234888
234889
235396
235397
236658
236677
236722
236723
236814
236961
237169
237467
237572
237573
237654
237655
238113
238212
238340
238341
238841
238872
238873
240416
240417
240645
240712
240713
242460
242461
242535
242560
242561
242746
242747
242884
242885
244164
244165
245124
245125
245508
245768
245769
246320
246670
246671
247400
247401
247494
247495
248058
248059
248939
248962
248963
249003
249028
249029
249046
249047
251068
251069
251448
251449
251628
251629
252438
252796
252797
252914
252915
254005
254054
254055
254192
254246
254598
254599
255255
255322
255323
255490
255491
256344
256345
256974
256975
257322
257459
257533
257574
257575
258384
258385
258882
258883
259840
259841
259974
259975
260511
260574
260575
261576
261577
261707
261744
261745
261968
261969
262276
262277
264086
264087
264347
264432
264658
264659
265274
265275
265688
265689
266126
266162
266163
267508
267595
267638
267639
267686
267687
267898
267899
269516
269517
269522
269523
270192
270193
270576
270577
271235
271340
271341
271812
271813
272520
272521
272584
272812
272813
273179
273226
273227
274036
274798
274799
275208
275406
275407
276106
276107
276226
276227
277268
277269
277733
277848
277849
277956
277957
278154
279212
279213
279218
279219
280194
280195
280335
280378
280379
280536
280537
281168
281169
281432
281433
282046
282047
282389
282510
282511
282556
282557
283056
283057
283738
283739
284353
284374
284375
284410
284411
284642
284643
285698
285699
286464
286465
287290
287291
287540
288054
288055
288386
288387
288986
288987
289027
289048
289049
289997
290040
290041
290609
290650
290651
290960
291318
292012
292013
292082
292083
292394
292395
292972
292973
293620
293621
294150
294254
294760
295262
295263
295382
295383
295496
295497
295658
295659
297054
297055
297178
297179
297180
297181
297922
298934
299182
299216
299217
299328
299329
300320
300321
300560
300561
301108
301109
302000
302001
302150
302151
302284
302285
302338
302339
303916
303917
303922
303923
303931
303962
303963
304668
304669
305648
305649
305954
305955
306243
306308
306581
306872
306873
306936
306937
307586
307587
308086
308087
308442
308443
309850
309851
310252
310253
310262
310263
310790
310791
310992
310993
312140
312141
312784
312785
312918
313150
313346
313347
313385
313546
313547
314370
314371
314374
314375
315200
315201
315611
315762
315763
316288
316748
316749
317058
317059
317508
317509
317573
317828
317829
318084
318085
319570
319571
319786
319787
320335
320428
320900
321158
321159
321284
321452
321598
321599
322052
322053
322626
322627
322820
322932
322933
322977
323056
323057
325235
325260
325261
325506
325507
326158
326709
326750
326751
327056
327057
327112
328082
328083
328094
328095
328130
328216
328217
329604
329605
329860
329861
330442
330443
331568
331569
331582
331583
332126
332834
332835
332924
332925
333188
333189
333330
333331
334776
334777
334852
334853
334966
334967
335202
336498
336499
336644
336645
336744
337028
337559
337649
337686
337687
337796
337797
337924
337925
339406
339890
339891
340054
340055
340273
340456
340457
341108
341109
341524
341525
342278
342279
343480
343481
343530
343531
344245
344364
344698
344699
345538
345539
345604
345605
345692
345693
346756
346757
347300
347301
347546
347547
348118
348119
348264
348265
349700
349701
349794
349795
349824
349932
349933
350768
350769
351906
351907
352504
352505
352744
352745
352844
352845
353815
353968
353969
354012
354013
354566
354567
354628
354629
355782
355783
356428
356429
356484
356485
356536
356537
357476
357477
357998
357999
358232
358233
358574
359172
359173
359216
359217
360424
360425
360663
360724
360725
361007
361045
361074
361075
361090
361091
361950
361951
362694
362695
363441
363470
363471
363842
363846
363847
364290
364291
365310
365311
365825
365852
366280
366281
366350
366351
366370
366371
367406
367586
367587
367946
367947
367996
367997
368686
369604
369605
369943
369982
369983
370060
370061
370477
370536
370537
371204
371205
371677
371718
371719
373098
373099
373378
373379
373776
373777
374644
374645
374844
375308
375309
375665
375706
376096
376097
376194
376195
377648
377649
377718
377719
378760
378846
378847
379468
379469
379852
379853
380525
380546
380547
380568
380569
380938
381762
381763
381890
381891
382047
382082
382083
383274
383275
383322
383323
383940
383941
385084
385085
385091
385116
385117
385147
385184
385185
386166
386167
386738
386739
387364
387365
387426
387427
388198
388199
388316
388317
389448
389449
389451
389455
389499
389548
389549
389580
389581
390696
390697
390888
390889
391914
391915
392334
392644
393094
393095
393330
393331
393658
393659
394496
394497
394708
394709
395822
395823
396013
396032
396033
396628
396629
397501
397516
397517
397580
397581
398626
398627
398629
398634
398635
398686
398687
400306
400307
400342
401056
401057
401526
401527
401853
401896
401897
402690
402691
403518
403519
403523
403548
403549
403882
403883
405085
405104
405105
405454
405507
405566
405567
406332
406333
406914
406915
408034
408035
408036
408037
408192
408193
409316
409317
409438
409439
409974
409975
411008
411009
411010
411011
411318
411319
412548
412549
412648
412649
412672
412673
414234
414235
414318
414319
414536
415650
415866
415867
416310
416311
416686
416687
416772
417449
417496
417497
417888
417889
417896
418670
418671
419646
419647
419649
419658
419659
419822
419823
421242
421550
421551
422152
422153
422160
422161
422786
422787
423486
423487
423555
423682
423683
424714
424715
424722
425412
425413
426012
426013
426088
426089
426242
427114
427115
427267
427312
427313
428526
428527
428812
429020
429021
429524
429525
429654
430154
430155
430378
430379
430690
430691
431880
431881
432322
432323
432462
432463
433740
433741
434286
434287
434944
434945
435200
435201
435892
435893
435894
435895
436911
436914
436915
436916
436917
437874
437875
438528
438529
438908
438909
439618
439619
440444
440445
440529
440556
440557
441138
441139
441902
441903
442368
442916
442917
442932
443605
443618
443619
443626
443627
444214
444215
445242
445243
445326
445370
445371
445425
445441
445458
445459
446559
446590
446591
446598
446599
448028
448029
448699
448734
448735
448908
448909
449380
449381
450424
450425
450926
451087
451202
451203
451586
451587
451858
451859
452772
452773
453114
453115
454021
454090
454091
454221
454242
454243
454780
455862
455863
456328
456466
456467
457096
457097
457464
457465
457472
457473
458626
458627
458899
458926
458927
459370
459371
460310
460346
460984
460985
461047
461070
461071
461384
461385
462864
462865
463294
463295
463661
463727
463748
463749
464400
464401
465216
465217
465488
465855
465871
465890
465891
465930
465931
466626
466627
467584
467585
468012
468013
468118
468119
469253
469304
469305
469362
469788
470180
470181
470384
470385
471683
471720
471721
471936
471937
472144
473438
473439
473884
473885
474126
474127
474388
474389
475494
475495
475510
475511
475680
475681
476647
476672
476673
477054
477397
477434
477435
477830
477831
479084
479085
479210
479614
479615
479926
479927
480336
480337
481044
481045
481154
481155
481730
481731
482346
482347
482436
482437
483370
483371
483573
483842
483843
484258
484259
484424
484425
485338
485339
485986
485987
486400
486401
486826
486827
487552
487553
487842
487843
488194
488195
489228
489229
489900
489901
490435
490438
490439
490482
491104
491105
491154
491155
492326
492327
492348
492349
493200
493201
493412
493695
493830
493952
493953
494158
494159
494874
494875
495338
495339
495877
495935
496016
496017
496840
496841
496880
496881
497642
497643
497906
497907
498810
498811
498914
498915
499929
499930
499931
499952
499953
500206
500207
501510
501511
501612
501613
502356
502357
502706
502707
503026
503027
503642
503643
504150
504151
504542
504543
504958
504959
505134
505135
506316
506317
506424
506827
506856
506857
507116
507117
508188
508215
508218
508219
508666
508667
509630
509638
509639
510336
510337
510416
510417
511137
511140
511141
511229
511232
511233
512647
512648
512649
512650
512651
514136
514137
514535
514568
514569
514618
514619
515306
515307
515408
515409
516199
516224
516225
516900
516901
517833
517834
517835
518352
518353
518812
519246
519247
519340
519341
520092
520093
520111
520140
520141
521033
521066
521067
521856
521857
522432
522689
522690
522692
522693
523016
523017
523818
523886
523887
524292
524293
524686
525422
525423
525522
525523
526314
526315
526449
526464
526465
527087
527104
527105
527732
528242
528243
528249
528286
529026
529027
529076
529077
530236
530237
530340
530341
531116
531117
531528
531529
532354
532355
532722
532723
533402
533403
533876
533877
534273
534304
534305
535174
535175
536102
536103
536724
536725
537344
537345
537964
537965
538432
538433
538912
538913
539392
539393
539840
539841
539976
540518
540519
540780
540781
541633
541634
541635
541649
541672
541673
542652
542653
543604
543620
543636
543637
544062
544063
544325
544614
544615
544836
544837
545166
545167
545936
545937
546725
546752
546753
546976
546977
548086
548087
548202
548203
549136
549208
549209
549780
549781
550102
550592
550618
550620
550621
551164
551165
551560
551561
551860
551861
552398
552900
552901
553064
553065
553782
553783
554020
554790
554791
554920
554921
555630
555631
556066
556067
556600
556601
557274
557542
557543
557885
557914
557915
559046
559047
559606
559607
560206
560207
560630
560631
561694
561695
561990
562806
562807
563244
563245
564280
564281
564405
564438
564439
565370
565371
566145
566180
566181
566225
566250
566251
567777
567778
567779
567926
567927
568920
568921
569199
569220
569221
569790
570312
570313
570968
570969
571245
571264
571265
571752
571753
572641
572642
572643
572662
572663
573784
573785
573877
573896
573897
575098
575099
575625
575627
575628
575629
576507
576511
576512
576513
577316
577317
578094
578095
578758
578759
579132
579418
579419
579766
579767
579822
580092
580093
580914
580915
581410
581411
581625
581648
581649
582550
582551
583457
583480
583481
583776
583777
584784
584837
584852
584853
585242
585243
586278
586279
586280
586281
587346
587347
587352
587353
588240
588241
588832
589236
589494
589495
589576
589577
590474
590475
590497
590516
590517
591470
591471
591774
591775
592574
592576
592577
592812
592813
593574
593575
593645
593664
593665
594650
594651
594652
595376
595377
595708
595709
596234
596235
597040
597041
597078
597079
598020
598021
598090
598612
598613
599204
599205
599480
599481
600100
600101
600768
600769
601576
601577
602171
602200
602201
602240
602241
603778
603779
604295
604318
604319
604369
604394
604395
605712
605713
605921
605932
605933
606998
606999
607001
607018
607019
607966
607967
608463
608488
608489
608804
609402
609403
610238
610239
610300
611098
611099
611427
611448
611449
611912
611913
612760
613212
613213
613268
614016
614017
614060
614061
615092
615093
615550
615551
615955
616065
616084
616085
616318
616319
617386
617387
617390
617858
617859
618769
618794
618795
619675
619684
620254
620255
621251
621255
621256
621257
621852
621853
622120
622612
622613
622722
622723
623706
623707
624442
625145
625146
625147
625148
625149
626336
626337
626919
626930
626931
627121
627122
627123
628301
628308
628309
628864
628865
629504
629505
630242
630243
630296
630297
630846
630847
631812
631813
632720
632721
632832
632833
633370
633371
633856
633857
634202
634203
634882
634883
634912
634913
635830
635831
636460
636461
636622
636623
637122
637123
637500
637501
637890
637891
638446
638447
638821
638846
638847
639086
639087
640106
640260
640674
640675
640940
641388
641389
641517
641528
641529
642163
642186
642187
642996
643590
643591
643982
643983
644674
644958
644959
645404
645792
645793
646206
646207
646779
646780
646781
647698
648064
648065
648484
648485
649048
649049
649572
649573
650312
650313
650757
650758
650759
650883
650944
650945
651832
651833
652829
652832
652833
652856
652857
653467
653496
653497
654562
654915
654948
655232
655354
655355
655744
655745
656708
656709
656720
656721
657537
657554
657555
657882
657883
658986
658987
659075
659107
659146
659432
659554
659555
659562
659563
660608
661198
661199
661250
661690
661691
662440
662441
662932
662933
663466
663467
663932
663933
664520
664521
664872
664873
665928
665929
665930
665931
666836
666837
666842
666843
667630
667631
668196
668834
668964
668965
669198
669199
669952
669953
670154
670155
670922
670923
671232
671233
672206
672207
672216
672217
672924
672925
673538
673539
673820
673821
674316
674317
674761
674786
674787
675684
675685
675884
675885
676726
676727
676992
676993
677594
677595
678080
678081
678408
678409
679164
679165
679640
679641
680258
680259
680944
680945
681351
681352
681353
682146
682147
682628
682629
683097
683100
683101
683510
683511
684264
684265
684658
684659
685068
685069
685680
685681
686331
686332
686333
687044
687045
687646
687647
688062
688063
688502
688503
688921
688923
688924
688925
690188
690189
690426
690634
690635
690786
690787
691670
691671
691674
691675
692386
692387
692570
693214
693215
693292
693612
693613
693835
693836
693837
694670
694671
695424
695425
695952
695953
696139
696196
696197
696704
697217
697236
697237
697238
697239
698304
698305
698986
698987
699250
699251
699905
699936
700059
700078
700079
700332
700333
701251
701276
701277
701355
701366
701367
702576
702881
702900
702901
703040
703041
704244
704245
704305
704334
704335
705315
705320
705321
705492
706110
706111
706825
706826
706827
707472
707760
707761
708339
708340
708341
709162
709185
709413
709415
709416
709417
710449
710450
710451
710676
711280
711578
711579
711924
711925
712594
712595
713006
713007
713402
713403
713752
713753
714200
714454
714455
714901
714906
714972
714973
715360
715361
716112
716370
716694
716695
717076
717077
717494
717495
717886
717887
718340
718372
718373
718516
718794
719154
719155
719612
719946
719947
720000
720212
720692
720694
720695
721244
721245
721841
721842
721843
721980
721981
723081
723116
723279
723280
723281
723283
723292
723293
724482
725054
725055
725467
725490
725491
725798
725799
726478
726479
727170
727171
727788
727789
728212
728247
728250
728251
728784
728785
729268
729537
729638
729748
729766
729767
729986
730342
730343
730656
731106
731107
731108
731109
731978
731979
732288
732289
732524
732525
733552
733587
733596
733597
733794
734246
734247
734654
734655
735094
735300
735301
735442
735443
735997
736004
736005
736638
736639
737541
737546
737547
738378
738379
738482
739055
739178
739512
739513
739691
739740
740239
740274
740275
740458
740459
741292
741293
742226
742227
742512
742859
742888
742889
742998
742999
744602
744776
744778
744934
744935
745474
745475
746262
746263
746266
746267
747122
747123
747308
747493
747512
747513
748160
748161
748672
748901
748904
748905
748907
748926
748956
748957
750270
750450
750767
750768
750769
751430
751770
751771
751954
751955
752660
752661
752862
753322
753323
753550
753732
753733
754144
754205
754226
754227
754521
754548
754549
755376
755528
755529
756038
756039
756445
756472
756473
756736
756737
757764
757765
758132
758222
758430
758656
758657
758680
758681
759725
759748
759749
759858
760416
760417
761170
761203
761220
761221
761354
761820
762460
762461
762464
762465
763264
763265
763322
763323
763970
763971
764255
764288
764289
764622
764888
765026
765027
765804
765805
765881
765908
765909
766704
766705
767533
767606
767782
767783
767910
768252
768253
769161
769162
769163
769164
769281
769301
769318
769319
770270
770271
770921
770944
770945
772019
772020
772021
772022
772299
772362
772657
772658
772659
772764
772765
773660
773661
773712
773713
774457
774476
774477
774656
774657
776168
776502
776503
776694
776770
777088
777090
777091
777766
777767
777967
777990
777991
778633
778654
778826
778827
780022
780088
780089
780636
780748
780749
781226
781350
781351
781919
781921
781924
781925
782600
782601
783425
783426
783640
783641
784280
784450
784451
784620
784949
784984
784985
785322
785323
786432
786801
786804
786805
786808
787236
787237
788237
788286
788287
788290
788487
788511
788538
788539
789037
789060
789061
790304
790305
790866
790906
790907
790980
791614
791615
792175
792230
792231
792514
792515
793464
793465
793468
794146
794147
794771
794824
795042
795136
795463
795486
795487
795896
795897
796834
796835
797375
797376
797377
797389
797474
798251
798314
798315
798550
798551
799194
799195
800176
800177
800496
800678
800679
800926
800927
801778
801779
801830
801831
802792
802793
803194
803195
803720
803952
803953
804062
804063
804659
804686
804687
804968
804969
805874
805875
805886
805887
806958
806959
807254
807310
807311
807846
807847
808574
808575
808720
808721
809312
809390
809391
809472
810241
810267
810268
810269
810276
810756
810757
811294
811295
811902
811963
812042
812138
812400
812401
812544
812545
813312
813313
813433
813440
813441
814601
814602
814603
814766
814767
815956
815957
816384
816440
816441
816443
816448
816449
817674
817675
817792
817793
818692
818693
819114
819115
820139
820140
820141
821150
821233
821234
821235
821278
821916
821917
822521
822536
822537
822785
822806
822807
824326
824332
824818
824819
824858
824859
825601
825602
825603
826007
826104
826105
826910
826911
827427
827428
827429
827430
827431
828161
828176
828177
828672
828864
829524
829525
829644
829697
829750
829751
830240
830241
830410
830411
831326
831522
831523
831918
831919
832272
832273
832632
832633
833214
833215
833528
833529
834301
834302
834303
834316
834317
835686
835817
835980
836082
836083
836360
836361
836989
837012
837248
837249
837382
837716
837717
838240
838241
838988
839034
839035
839791
839796
839797
840113
840142
840143
840674
840675
841600
841601
841754
841830
841831
842865
842866
842867
842878
842879
843520
843521
844098
844099
844300
844639
844640
844641
844646
844647
845883
845890
846208
846209
846438
846439
847564
847565
847670
847671
848379
848457
848482
848483
848580
848581
849450
849738
849739
849856
850480
850481
851446
851544
851545
851954
851955
852439
852442
852443
852852
852853
853383
853408
853409
853520
853521
854432
854433
854827
854856
854857
855300
855301
856094
856095
856302
856303
857178
857179
857632
857633
857924
857925
858368
858369
858994
859000
859001
859136
859137
859941
859942
859943
859945
859952
859953
860994
860995
861196
861197
861788
861789
861858
861859
862532
862533
862628
862629
863232
863568
863569
863574
863575
864562
864563
864938
865208
865409
865430
865431
865839
865872
865926
865927
866472
866978
866979
867338
867339
867522
867523
868276
868277
868280
868281
869354
869436
869437
869964
869965
870744
870745
870806
871435
871454
871455
871458
871459
872402
872403
872903
872930
873296
873297
873352
873353
874002
874003
874778
874779
875178
875184
875185
875854
875855
876000
876001
876704
876705
876735
876760
876761
877882
878148
878149
878210
878211
879036
879200
879201
879310
879311
879912
879913
880228
880229
880872
881118
881408
881409
881426
881802
882166
882167
882205
882248
882902
882903
883632
883633
884204
884205
884704
884705
885128
885129
885490
885801
885802
885803
886548
886549
886952
887190
887191
887837
887839
887840
887858
887859
888859
888860
888861
889642
889643
890038
890350
890422
890423
890806
890807
891170
891171
891646
891904
891905
892276
892277
892676
892677
893114
893115
893468
893469
893867
893868
893869
894694
894695
895230
895231
895779
895780
895781
896554
896652
896653
897044
897045
897661
897662
897858
897859
898426
898427
898912
898913
898936
899302
899550
899551
900124
900125
900592
900593
900996
900997
901343
901363
901365
901366
901367
901412
901413
902318
902319
902598
902599
903654
903655
903656
903657
904639
904640
904641
904894
905338
905610
905611
905946
905947
906225
906245
906274
906275
906576
906577
907234
907235
908030
908031
908077
908154
908155
908882
908883
909387
909428
909429
909764
909765
910696
910697
910698
910699
911496
911497
911966
912242
912243
912597
912640
913136
913175
913208
913209
913210
913211
913998
913999
914726
914728
914729
915142
915202
915203
915630
916005
916026
916027
916124
916125
916964
916965
917342
917343
917793
917824
917825
917888
917889
918730
919075
919104
919105
919158
919159
919890
919891
919965
920000
920001
920537
920550
920551
921225
921273
921326
921327
922436
922437
922541
922586
923074
923075
923110
923111
924202
924203
924416
924417
924833
924838
924839
925136
925137
925811
925824
925952
925953
926100
926101
926990
926991
927516
927517
927872
928128
928308
928309
928582
928583
929046
929047
929342
929343
930024
930152
930153
930476
930477
931120
931121
931122
931123
931910
931911
932310
932514
932609
932730
932731
932922
932923
933354
933355
934114
934115
934441
934448
934449
935008
935009
935768
935769
935973
936002
936372
936373
936807
936834
936835
937586
937944
937945
938364
938365
938550
938551
939354
939355
939439
939558
939967
940001
940022
940023
940253
940274
940275
941230
941231
941699
941724
941725
942157
942192
942193
942903
942926
942927
943796
943797
944088
944362
944363
944703
944724
944725
945535
945536
945537
946011
946032
946033
946291
946330
946331
947373
947376
947377
947416
947888
947889
948525
948582
948583
948615
948632
948633
949782
950174
950175
950550
950551
951040
951041
951547
951548
951549
952430
952682
952683
953162
953163
953710
953711
954126
954127
954492
954493
955010
955011
955512
955608
955609
955984
955985
956455
956456
956457
957116
957174
957546
957690
957691
958106
958107
958891
958914
958915
959194
959708
959709
959734
959735
960572
960573
961152
961453
961470
961471
961874
961875
963074
963075
963344
963345
963916
963917
964543
964560
964561
965203
965236
965237
965742
966506
966507
966662
966663
967579
967598
967599
967948
968866
968867
968868
968869
969726
969727
970309
970310
970311
970368
970369
971362
971363
971788
971789
972620
972621
973221
973268
973269
973766
973767
974686
974687
975669
975672
975673
975675
975694
975695
977008
977009
977186
978011
978014
978015
978016
978017
978808
978809
979437
979466
979467
979712
979713
980628
980629
981569
981602
981669
981674
981675
981679
981710
981711
983160
983161
983366
983367
984031
984106
984107
984770
984771
985074
985075
985644
985645
986600
986601
986926
987232
987233
987262
987263
988308
988309
988352
988690
988691
989310
989311
989376
989377
990457
990458
990459
990466
990467
991464
991465
991666
991667
992392
992393
992968
992969
993334
993335
993725
993752
993753
994009
994036
994037
995285
995304
995305
995920
996244
996245
996633
996634
996635
997336
997337
997752
997753
998344
998345
998970
999358
999359
999898
1000202
1000203
1000720
1001028
1001029
1001460
1001461
1001938
1002064
1002065
1002520
1002521
1003066
1003398
1003399
1003430
1003431
1004436
1004437
1004466
1004467
1005394
1005395
1005406
1006112
1006113
1006362
1006363
1007340
1007341
1007866
1007867
1008108
1008109
1008970
1008971
1009500
1009501
1009514
1009515
1010396
1010402
1010403
1011026
1011027
1011414
1011415
1011796
1012344
1012530
1012531
1012666
1012667
1013433
1013435
1013436
1013438
1013439
1014172
1014173
1015130
1015131
1015808
1015809
1016180
1016181
1016757
1016782
1016783
1017196
1017197
1017979
1017992
1017993
1018364
1018365
1019526
1019588
1019589
1020289
1020290
1020291
1020848
1021116
1021117
1021854
1022014
1022015
1022248
1022249
1023124
1023264
1023265
1023352
1023353
1024310
1024417
1024436
1024437
1024676
1024677
1025815
1025816
1025817
1025828
1025829
1026994
1026995
1027613
1027614
1027615
1028035
1028052
1028053
1028392
1028393
1029520
1029521
1029680
1030212
1030213
1030338
1030339
1031118
1031119
1031131
1031168
1031169
1031938
1031939
1032386
1032884
1032885
1033272
1033510
1033754
1033755
1034288
1034289
1034682
1034683
1035147
1035182
1035183
1035549
1035628
1036114
1036115
1036178
1036800
1036801
1036834
1036835
1037557
1037562
1037563
1038300
1038301
1038850
1038851
1039405
1039430
1039431
1040257
1040286
1040456
1040457
1040562
1040563
1041234
1041235
1042062
1042063
1042247
1042268
1042269
1043390
1043391
1043439
1043456
1043457
1044344
1044345
1045200
1045201
1045488
1045489
1046344
1046345
1046536
1046537
1047432
1047433
1047890
1047891
1048348
1048349
1048732
1048733
1048938
1048939
1049702
1049703
1050272
1050273
1050748
1050749
1051258
1051259
1051803
1051804
1051805
1052460
1052800
1052801
1053166
1053167
1053368
1053369
1054248
1054249
1054262
1054890
1054891
1055237
1055252
1055253
1055616
1055617
1056710
1056711
1056713
1056726
1056727
1057797
1057810
1057811
1057921
1057956
1057957
1058974
1058975
1059510
1059511
1059958
1059959
1060192
1060193
1061034
1061035
1061478
1061479
1061746
1062325
1062330
1062331
1062524
1062525
1063336
1063337
1063394
1063873
1063907
1063946
1063947
1064292
1064808
1064809
1065496
1065550
1065886
1065887
1066121
1066174
1066175
1067203
1067204
1067205
1067244
1067245
1068512
1068513
1068617
1068651
1068664
1068665
1069312
1069313
1070069
1070087
1070110
1070111
1070634
1071189
1071264
1071265
1071426
1072000
1072001
1072015
1072034
1072035
1073034
1073378
1073379
1073423
1073442
1073443
1073982
1073983
1074773
1074795
1074814
1074815
1074846
1074847
1075909
1075938
1075939
1076104
1076105
1076851
1076880
1076881
1077046
1077047
1078066
1078067
1078146
1078147
1078684
1078685
1079050
1079256
1079257
1079578
1079579
1080474
1080475
1080862
1080863
1081260
1081261
1081678
1081679
1082102
1082103
1082142
1082143
1082840
1082841
1082906
1082907
1083400
1083401
1083968
1083969
1084032
1084033
1084661
1084662
1084663
1084800
1084801
1085644
1085824
1085825
1086234
1086235
1086768
1086769
1086773
1086784
1086785
1087594
1087595
1088068
1088510
1088511
1088546
1088547
1089260
1089261
1089603
1089604
1089605
1090229
1090230
1090468
1090469
1091033
1091034
1091035
1091743
1091746
1091747
1092048
1092049
1092634
1092635
1092931
1092936
1092937
1093212
1093213
1093536
1093537
1094272
1094276
1094277
1094686
1094687
1095120
1095121
1095574
1096100
1096101
1096170
1096171
1096704
1096705
1096866
1096867
1097362
1097363
1097532
1097533
1097984
1097985
1098434
1098435
1098600
1098758
1098902
1098903
1099136
1099137
1099766
1099767
1099864
1100462
1100463
1100526
1100770
1100771
1101428
1101429
1102034
1102316
1102317
1102318
1102592
1102593
1103076
1103077
1103446
1103447
1104190
1104191
1104524
1104525
1105336
1105337
1105586
1105587
1105914
1105915
1106308
1106309
1106994
1107163
1107200
1107201
1107398
1107399
1108180
1108181
1108557
1108558
1108774
1108775
1109152
1109153
1109306
1109307
1109745
1109800
1110208
1110209
1110262
1110263
1110978
1111040
1111338
1111339
1111340
1111341
1112185
1112186
1112187
1112234
1112870
1112871
1113481
1113496
1113497
1113643
1113682
1113957
1114002
1114003
1114803
1114832
1114833
1115582
1116012
1116013
1116299
1116335
1116375
1116396
1116584
1116585
1116586
1116587
1117468
1117650
1118092
1118093
1118990
1118991
1119090
1119297
1119328
1120051
1120073
1120074
1120075
1120080
1120081
1120922
1121274
1121700
1121701
1121768
1121769
1122483
1122519
1122540
1122541
1122618
1122986
1122987
1123944
1124248
1124249
1124636
1124779
1124780
1124781
1125346
1125474
1125475
1125936
1126219
1126220
1126221
1126936
1127144
1127236
1127237
1127431
1127610
1127611
1127918
1127919
1128424
1128425
1129100
1129101
1129105
1129136
1129482
1129738
1129739
1130408
1130409
1131199
1131200
1131201
1131202
1131203
1132647
1132648
1132649
1132710
1132711
1133964
1133965
1133995
1134034
1134035
1134672
1135416
1135417
1135684
1135685
1136092
1136093
1136676
1136677
1137076
1137077
1137495
1137526
1137527
1138048
1138049
1138785
1138787
1138788
1138789
1139685
1139686
1139687
1139969
1139970
1139971
1140799
1140820
1140821
1141316
1141852
1141853
1142150
1142450
1142451
1142846
1142847
1143187
1143200
1143201
1143459
1143488
1143489
1144348
1144349
1144960
1144961
1145104
1145105
1145700
1145701
1146296
1146297
1146368
1146369
1147144
1147145
1147353
1147378
1147379
1148214
1148215
1148931
1148932
1148933
1149338
1149339
1150284
1150285
1150290
1150291
1151189
1151192
1151193
1151446
1151447
1151782
1152062
1152063
1152672
1152673
1153481
1153502
1153503
1153648
1153649
1154304
1154305
1154823
1154854
1155390
1155391
1155859
1155860
1155861
1156234
1156235
1157200
1157201
1157397
1157426
1157427
1157810
1158384
1158385
1158948
1158949
1159542
1159543
1159670
1160356
1160357
1160508
1160898
1160899
1161166
1161167
1161956
1161957
1162158
1162159
1162841
1162868
1162869
1163264
1163265
1164044
1164045
1164218
1164219
1164790
1164791
1165298
1165299
1165712
1165713
1166208
1166209
1166849
1166874
1166875
1167260
1167261
1168120
1168312
1168313
1168384
1168385
1169218
1169483
1169498
1169499
1169500
1169518
1169519
1170306
1170944
1170945
1171144
1171772
1171928
1171929
1172402
1172723
1172724
1172725
1173528
1173529
1173798
1173978
1173979
1174164
1174165
1174552
1174848
1174849
1175316
1175477
1175496
1175497
1175834
1175835
1176648
1176961
1176988
1176989
1177221
1177240
1177241
1178522
1178523
1178786
1178787
1179244
1179245
1179956
1179957
1180132
1180626
1180627
1181274
1181528
1181529
1181924
1182292
1182293
1182736
1182990
1182991
1183380
1183381
1183778
1183779
1184218
1184219
1184640
1184712
1185130
1185131
1185308
1185309
1185752
1185753
1186408
1186409
1186455
1186520
1187207
1187232
1187233
1187426
1187427
1189024
1189025
1189248
1189372
1189373
1189504
1189505
1190220
1190221
1190406
1190407
1191170
1191171
1191554
1191555
1192320
1192762
1192818
1193372
1193373
1193554
1193555
1194347
1194348
1194349
1194368
1194369
1195434
1195435
1195752
1195753
1196226
1196227
1197024
1197025
1197154
1197155
1197994
1197995
1197996
1197997
1198848
1198849
1199486
1199487
1199732
1199733
1200594
1200595
1200866
1200867
1201843
1201844
1201845
1202148
1202740
1202856
1202857
1203294
1203295
1204096
1204114
1204115
1204122
1204123
1204866
1204867
1205248
1205249
1205632
1205633
1206560
1206784
1206785
1206874
1206875
1207538
1207866
1207867
1208108
1208109
1208812
1208948
1208949
1209186
1209187
1210100
1210320
1210321
1210322
1210323
1211194
1211293
1211314
1211315
1211666
1211667
1212820
1212844
1212845
1213238
1213239
1213728
1213729
1214164
1214596
1214597
1214784
1214785
1215402
1215404
1215405
1215774
1215775
1216464
1216465
1216640
1216641
1217336
1217478
1217479
1217958
1217959
1218534
1218535
1218582
1218583
1219290
1219291
1219312
1219313
1220142
1220143
1220401
1220424
1220425
1221160
1221161
1221684
1221685
1222263
1222274
1222275
1222845
1222848
1222970
1222971
1223754
1223755
1223760
1223761
1224722
1224723
1225354
1225355
1225706
1225707
1226519
1226548
1226549
1226696
1226697
1228090
1228091
1228219
1228257
1228286
1228287
1228942
1229554
1229555
1230375
1230378
1230379
1230542
1230543
1231240
1231241
1231260
1231261
1232036
1232037
1232820
1232821
1233126
1233127
1233848
1233849
1233850
1233851
1234616
1234617
1234732
1235584
1235585
1235788
1235789
1236302
1236303
1237082
1237274
1237275
1237382
1237383
1238273
1238300
1238301
1238580
1238581
1239722
1239723
1239938
1239939
1240706
1240707
1241162
1241163
1241680
1241681
1242347
1242360
1242361
1243340
1243341
1243548
1243549
1244208
1244209
1244579
1244627
1244660
1244661
1244924
1244925
1246168
1246169
1246646
1247188
1247334
1247335
1248008
1248009
1248536
1248537
1248646
1248647
1249720
1249721
1250003
1250064
1250065
1250814
1250815
1250842
1250843
1251864
1251865
1251870
1251871
1253095
1253096
1253456
1253457
1253983
1253984
1254204
1254352
1254353
1254508
1254509
1255380
1255381
1255458
1256114
1256115
1256407
1256432
1256433
1256904
1257571
1257594
1257595
1258061
1258080
1258081
1258473
1258501
1258526
1258527
1259520
1259521
1260460
1260461
1261028
1261029
1261229
1261254
1261255
1261772
1261773
1262697
1262720
1262721
1262823
1262842
1262900
1262901
1263889
1263915
1263940
1263941
1264256
1265002
1265003
1265784
1265785
1265875
1265900
1265901
1266590
1266591
1267370
1267371
1267842
1267878
1267879
1267918
1267919
1268498
1268499
1269197
1269198
1269199
1269967
1269968
1269969
1270757
1270758
1270759
1271511
1271512
1271513
1272261
1272262
1272263
1273053
1273054
1273055
1273822
1273823
1274170
1274171
1274625
1274626
1274627
1275316
1275317
1275880
1275881
1276536
1276537
1277142
1277488
1277489
1277640
1277641
1278156
1278437
1278446
1278447
1278844
1278845
1279471
1279496
1279559
1279562
1279563
1279582
1279583
1280768
1280769
1280986
1281582
1281583
1281718
1281719
1282708
1282709
1282898
1282899
1283374
1283375
1284182
1284183
1284354
1285102
1285103
1285256
1285257
1286066
1286594
1286595
1286782
1286783
1287193
1287212
1287213
1287612
1287613
1288710
1288711
1288814
1288815
1289824
1289825
1290036
1290037
1290620
1290621
1291296
1291734
1291735
1292108
1292109
1292606
1292607
1293184
1293710
1293711
1294229
1294230
1294334
1294554
1294746
1294747
1295579
1295580
1295581
1296570
1296571
1296982
1296983
1297498
1297686
1297687
1298388
1298389
1298880
1298881
1299298
1299299
1299763
1299764
1299765
1300563
1300564
1300565
1301331
1301333
1301334
1301432
1301433
1302566
1302567
1303022
1303204
1303205
1303597
1303598
1303599
1303840
1304150
1304151
1304705
1304716
1304854
1304855
1305440
1305630
1305631
1306006
1306272
1306273
1306776
1306897
1306952
1307038
1307151
1307187
1307212
1307213
1307566
1307567
1308342
1308818
1308819
1308920
1308921
1309909
1309910
1309911
1310553
1310572
1310573
1310890
1310891
1311839
1311858
1311859
1312340
1312341
1313073
1313084
1313085
1313088
1313089
1313921
1313948
1313949
1314439
1314458
1314459
1315635
1315636
1315637
1315712
1316436
1316437
1316918
1316919
1317266
1317267
1317795
1317808
1317809
1318282
1318283
1319168
1319169
1319614
1319615
1320598
1320599
1321018
1321019
1321228
1321229
1321566
1321567
1322498
1322499
1322506
1322507
1323472
1323473
1323860
1323861
1324376
1324582
1324583
1325198
1325199
1325426
1325952
1325953
1326034
1326035
1326764
1326765
1327280
1327656
1327657
1328296
1328297
1328298
1328299
1329238
1329239
1329398
1329399
1330372
1330373
1330889
1330890
1330891
1331680
1332016
1332017
1332527
1332528
1332529
1332886
1332887
1333718
1333719
1333853
1333878
1333879
1334625
1334642
1334643
1334900
1334901
1335700
1335701
1336169
1336188
1336189
1336627
1336642
1336643
1337523
1337550
1337551
1337917
1337920
1337921
1339058
1339291
1339318
1339319
1339650
1339651
1340112
1340113
1340454
1340455
1341730
1341731
1341833
1341862
1341863
1342397
1342446
1342447
1343234
1343235
1343436
1343437
1344776
1344777
1344780
1344781
1345666
1345667
1345796
1345797
1346884
1347220
1347221
1347478
1347479
1347719
1347770
1347771
1348438
1348439
1348532
1348596
1348597
1349565
1349566
1349567
1350330
1350331
1350828
1350829
1351230
1351231
1351657
1351686
1351687
1352272
1352273
1352566
1352599
1352638
1352639
1352971
1352995
1353006
1353007
1353755
1353805
1353839
1353856
1353857
1354053
1354093
1354102
1354103
1355597
1355662
1355663
1356466
1356467
1356468
1357111
1357134
1357135
1358203
1358224
1358272
1358332
1358333
1358748
1358749
1359331
1359358
1359359
1359529
1359562
1360176
1360177
1360952
1361265
1361268
1361269
1361844
1361845
1362143
1362286
1362287
1362742
1363328
1363329
1363483
1363566
1363567
1364154
1364155
1364656
1364657
1365182
1365183
1366011
1366016
1366017
1366570
1366571
1366572
1366573
1367342
1367343
1367542
1367543
1368136
1368137
1368562
1368878
1368879
1369398
1369399
1369809
1369810
1369811
1369858
1370410
1370411
1370990
1371264
1371265
1371904
1371905
1371934
1372492
1372493
1372623
1372648
1372649
1373384
1374022
1374023
1374216
1374464
1374465
1375070
1375246
1375247
1375700
1375776
1375777
1376074
1376075
1377003
1377006
1377008
1377009
1377292
1377293
1377886
1377887
1378730
1379045
1379046
1379047
1379050
1379051
1380159
1380168
1380169
1380556
1380881
1380902
1380903
1381870
1381871
1382226
1382764
1382992
1382993
1383092
1383093
1383929
1383946
1384017
1384020
1384021
1384030
1384031
1384773
1384794
1384795
1385991
1385992
1386046
1386047
1386112
1386113
1387235
1387236
1387237
1387238
1387304
1387305
1388675
1388680
1388716
1388717
1388892
1388893
1389653
1389680
1389681
1390080
1390552
1390553
1391166
1391780
1391781
1392594
1392861
1392886
1392887
1393100
1393101
1394184
1394205
1394222
1394223
1394288
1394289
1395176
1395177
1395836
1395837
1396190
1396191
1396948
1396949
1397255
1397457
1397474
1397475
1397846
1397847
1398264
1398265
1399074
1399381
1399385
1399388
1399389
1399390
1399391
1400436
1400437
1401656
1401657
1401818
1401819
1402317
1402343
1402360
1402361
1402752
1402753
1403634
1403776
1403973
1404030
1404031
1404118
1404119
1404850
1404851
1405049
1405062
1405586
1405616
1405617
1406262
1406263
1406671
1406674
1406742
1406743
1407332
1407333
1407754
1407755
1408323
1408324
1408475
1408476
1408477
1409200
1409334
1409335
1410046
1410047
1410544
1410886
1410972
1410973
1411174
1411456
1411529
1411552
1411553
1411856
1411857
1412865
1412880
1412899
1412934
1412935
1412992
1412993
1413896
1413897
1414830
1414831
1414868
1414869
1415835
1415836
1415837
1416020
1416021
1416836
1417198
1417199
1417488
1417489
1417857
1417858
1417859
1418566
1418567
1419263
1419300
1419356
1419357
1420076
1420077
1420672
1420673
1421304
1421305
1421862
1422386
1422496
1422497
1422545
1422604
1422605
1423232
1423233
1423844
1423845
1424424
1424425
1424842
1425444
1425445
1425582
1425583
1426242
1426408
1426409
1427048
1427049
1427196
1427521
1427558
1428034
1428035
1428067
1428086
1428087
1428804
1428805
1429305
1429364
1429365
1429578
1429579
1430148
1430149
1430700
1430701
1431884
1431885
1432284
1432285
1432338
1433028
1433029
1433216
1433217
1433857
1433882
1433883
1434060
1434390
1434391
1435024
1435025
1435374
1435964
1435967
1435984
1435985
1436520
1436521
1437475
1437496
1437497
1437673
1437696
1437697
1438692
1438693
1438758
1438759
1439699
1439702
1439703
1439762
1440166
1440167
1441152
1441153
1441162
1441514
1441984
1441985
1442444
1442682
1442683
1442938
1443250
1443836
1443837
1443840
1444308
1444309
1444639
1444649
1444673
1444694
1444695
1445376
1445377
1446706
1446722
1446723
1447254
1447255
1447948
1448366
1448367
1448550
1448551
1448998
1449585
1449671
1449672
1449673
1449674
1449675
1450854
1450855
1451448
1451790
1451791
1451894
1452416
1452417
1452940
1452941
1453192
1453193
1453990
1453991
1454189
1454236
1454237
1454978
1454979
1455232
1455233
1455744
1455745
1456632
1456633
1457396
1457397
1457658
1457659
1458440
1458441
1458658
1458659
1459470
1459471
1459954
1459955
1460546
1461166
1461167
1461178
1461179
1462117
1462144
1462145
1462368
1462981
1463006
1463007
1463994
1463995
1464318
1464319
1465146
1465204
1465205
1465402
1465403
1466186
1466187
1466732
1466733
1466735
1466776
1466777
1467552
1467553
1468032
1468584
1468585
1469221
1469225
1469226
1469227
1469308
1469309
1470302
1470303
1470714
1470715
1471631
1471696
1472078
1472079
1472256
1472257
1472896
1472897
1473248
1473249
1473726
1474453
1474472
1474473
1475067
1475107
1475157
1475178
1475179
1475484
1475705
1475730
1475731
1477478
1477479
1477904
1478446
1478630
1478922
1478923
1479082
1479083
1479743
1479766
1479767
1479918
1480426
1480427
1480896
1480897
1481652
1482030
1482031
1482606
1482607
1483011
1483012
1483013
1483725
1483728
1483729
1484190
1484191
1484648
1484649
1484668
1484669
1485984
1485985
1486650
1486914
1486915
1487387
1487420
1487854
1488132
1488133
1488953
1488956
1488957
1489145
1489148
1489149
1489540
1489541
1490423
1490444
1490856
1491100
1491101
1491490
1491491
1492421
1492450
1492451
1492673
1492702
1492703
1493421
1493444
1493445
1494017
1494018
1494019
1494907
1494922
1494923
1495125
1495156
1495157
1496320
1496321
1496836
1496837
1497056
1497057
1498004
1498005
1498484
1498485
1498519
1498544
1498545
1499414
1499415
1500049
1500070
1500071
1500530
1500531
1501160
1501161
1501222
1501223
1501998
1501999
1502602
1502793
1502808
1502809
1503102
1503606
1503607
1504234
1504312
1504313
1504479
1504512
1504513
1505468
1505469
1506434
1506734
1506735
1506938
1507512
1507513
1507668
1507669
1508315
1508336
1508337
1508552
1508553
1509513
1509514
1509515
1509732
1510033
1510068
1510069
1511194
1511195
1511556
1511749
1511772
1511773
1511928
1511929
1512829
1512848
1512849
1513111
1513138
1513551
1513568
1513569
1514078
1514079
1515200
1515334
1515402
1515642
1515643
1515667
1515680
1515681
1516651
1516672
1516673
1516753
1516780
1517090
1517091
1517828
1517829
1518738
1518933
1518946
1518947
1519488
1519934
1519935
1519936
1519937
1521122
1521270
1521709
1521710
1521711
1522214
1522215
1522220
1522221
1523108
1523446
1523472
1523712
1523745
1523776
1523777
1524026
1524027
1524858
1525354
1525355
1525766
1526066
1526067
1526540
1526541
1526828
1527421
1527422
1527423
1527426
1528088
1528089
1528801
1528820
1528821
1529472
1529473
1530010
1530011
1530078
1530664
1530665
1531004
1531366
1531632
1531698
1531699
1532160
1532161
1532500
1532640
1532641
1533065
1533088
1533089
1533656
1534208
1534568
1534569
1534702
1534703
1535759
1535786
1535874
1535875
1536144
1536145
1537414
1537528
1537700
1537701
1537942
1537943
1538789
1538790
1538791
1538793
1538806
1538807
1540236
1540420
1540421
1540474
1540475
1541248
1541773
1541792
1541793
1542020
1542772
1542773
1543169
1543188
1543189
1543350
1543351
1544688
1544689
1544746
1545120
1545121
1546011
1546012
1546013
1546014
1546454
1546455
1547420
1547668
1547669
1548064
1548320
1548321
1548595
1548641
1548654
1548655
1549049
1549062
1549063
1550632
1550633
1550636
1550637
1551510
1551511
1551548
1551549
1552234
1552235
1553240
1553241
1553752
1553753
1554190
1554191
1554900
1555168
1555169
1555579
1555584
1555585
1555938
1556334
1556335
1557176
1557239
1557254
1557255
1557670
1557671
1558443
1558461
1558486
1558487
1558756
1559344
1559345
1560170
1560171
1560506
1560507
1561088
1561089
1561248
1561249
1561988
1561989
1562329
1562352
1562353
1563301
1563302
1563358
1563364
1563365
1564010
1564011
1564785
1564789
1564790
1564791
1564918
1565362
1565782
1565783
1566355
1566386
1566387
1566693
1566696
1566836
1566837
1568101
1568128
1568129
1568698
1568853
1568893
1568908
1568909
1569518
1569519
1570562
1570563
1570972
1571375
1571376
1571377
1571998
1572003
1572016
1572096
1572097
1572750
1572751
1573782
1573783
1573894
1574628
1574683
1574706
1574707
1574756
1574757
1575600
1575601
1575809
1575836
1575837
1576786
1576787
1576960
1577288
1577670
1577671
1577866
1577867
1578636
1578826
1578827
1579020
1579021
1580229
1580262
1580264
1580265
1580856
1580857
1581312
1581313
1582250
1582251
1582718
1582719
1582846
1582847
1583510
1583511
1583599
1583624
1583625
1584248
1584249
1585050
1585051
1585155
1585188
1585189
1585962
1585963
1586604
1586605
1586770
1587213
1587253
1587254
1587255
1587264
1587265
1588140
1588141
1589081
1589082
1589083
1589248
1589249
1590114
1590115
1590120
1590121
1590816
1590940
1590941
1591412
1591780
1591781
1592020
1592021
1592458
1592459
1593054
1593082
1593083
1593500
1593501
1594386
1594704
1594705
1594806
1594807
1595792
1595793
1595896
1595897
1596592
1596593
1596595
1596672
1597312
1597313
1597450
1597451
1597993
1598014
1598015
1598268
1598269
1599016
1599017
1599910
1599911
1600361
1600362
1600363
1600966
1600967
1601050
1601051
1601834
1601835
1601882
1601883
1602662
1602663
1602958
1602959
1603190
1603191
1603777
1603794
1603795
1603892
1604432
1604433
1605253
1605254
1605255
1606015
1606019
1606020
1606021
1606835
1606836
1606837
1607913
1607914
1607915
1608562
1608563
1609083
1609084
1609085
1609860
1610146
1610147
1610537
1610538
1610539
1611315
1611316
1611317
1611994
1612358
1612359
1612760
1612761
1613378
1613379
1614039
1614040
1614041
1614786
1614787
1615410
1615784
1615785
1616186
1616560
1616561
1616964
1616965
1617596
1617597
1618042
1618043
1618388
1618389
1618790
1618791
1619370
1619371
1619912
1619913
1620368
1620369
1620786
1620787
1621344
1621506
1621507
1621990
1621991
1622408
1622409
1622868
1622869
1623352
1623582
1623583
1623952
1623953
1624438
1624780
1624781
1625184
1625185
1625722
1625723
1626254
1626255
1626952
1626953
1627504
1627505
1628012
1628013
1628686
1629068
1629069
1629574
1629575
1630142
1630143
1630799
1630800
1630968
1630969
1631661
1631662
1631663
1632413
1632416
1632583
1632584
1632585
1633344
1633345
1634166
1634204
1634546
1634547
1635006
1635352
1635353
1635830
1636070
1636296
1636297
1636687
1636688
1636689
1637538
1637902
1637903
1638377
1638378
1638501
1638502
1638503
1639310
1639311
1639968
1639969
1640540
1640541
1641118
1641119
1641504
1641505
1641898
1641899
1642416
1642417
1642827
1642828
1642829
1643596
1643597
1644120
1644121
1644527
1644533
1644534
1644535
1645476
1645776
1646120
1646121
1646503
1646504
1646505
1647440
1647741
1647742
1647743
1648466
1648744
1648992
1649130
1649131
1649570
1649571
1650050
1650051
1650524
1650525
1651234
1651235
1651672
1651673
1652074
1652075
1652524
1652525
1652949
1652950
1652951
1653571
1653574
1653575
1654080
1654081
1654646
1654647
1655108
1655109
1655532
1655533
1655966
1655967
1656482
1656483
1656896
1656897
1657408
1657409
1657960
1657961
1658394
1658437
1658438
1658439
1659118
1659119
1659572
1659573
1660020
1660158
1660159
1660752
1660753
1661286
1661287
1661874
1661875
1662296
1662297
1662830
1663174
1663175
1663575
1663576
1663577
1664331
1664332
1664333
1665100
1665101
1665681
1665682
1665683
1666390
1666391
1666926
1666927
1667509
1667510
1667511
1668266
1668267
1668686
1668687
1669221
1669222
1669223
1669976
1669977
1670564
1670824
1670825
1671269
1671270
1671271
1672041
1672042
1672043
1672693
1672698
1672866
1672867
1673315
1673318
1673319
1673734
1673735
1674495
1674497
1674498
1674499
1675332
1675333
1675936
1676158
1676159
1676730
1676731
1677145
1677147
1677148
1677149
1677898
1678138
1678500
1678501
1678964
1678965
1679437
1679438
1679439
1680266
1680536
1680678
1680679
1681115
1681116
1681117
1681964
1682246
1682247
1682901
1682902
1682903
1683758
1684040
1684041
1684687
1684688
1684782
1684783
1685380
1685748
1685749
1686410
1686411
1687068
1687069
1687544
1687545
1688232
1688264
1688265
1688858
1688859
1689280
1689618
1689619
1690182
1690183
1690674
1690675
1691162
1691163
1691803
1691806
1691807
1692244
1692268
1692269
1692786
1692869
1692870
1693190
1693191
1693863
1693866
1694101
1694102
1694103
1694517
1694518
1694800
1694801
1695374
1695407
1695408
1695416
1695417
1696056
1696057
1696417
1696418
1696419
1697009
1697010
1697011
1697620
1697621
1698022
1698202
1698203
1698592
1698850
1698851
1699260
1699261
1699684
1699685
1700288
1700289
1700686
1700687
1701092
1701093
1701601
1701602
1701603
1702365
1702366
1702367
1703221
1703222
1703223
1703963
1703966
1703967
1704349
1704350
1704351
1704854
1704855
1705409
1705410
1705411
1706000
1706001
1706476
1706575
1706576
1706577
1707270
1707271
1707662
1707663
1708210
1708211
1708914
1709174
1709175
1709608
1709609
1710035
1710036
1710404
1710405
1710856
1710857
1711270
1711271
1711820
1711821
1712286
1712287
1712818
1713194
1713195
1713718
1713917
1713918
1713919
1714730
1714824
1714825
1715337
1715338
1715339
1716312
1716313
1716870
1716871
1717300
1717301
1717916
1717917
1718310
1718311
1718850
1718851
1719288
1719289
1719720
1720100
1720101
1720513
1720514
1720515
1721352
1721353
1721782
1721783
1722222
1722223
1722616
1722617
1723156
1723536
1723537
1723946
1724318
1724319
1724788
1724789
1725246
1725247
1725665
1725666
1725667
1726729
1726730
1726731
1727526
1727894
1727895
1728300
1728320
1728321
1728894
1728895
1729388
1729389
1729890
1729891
1730464
1730465
1730894
1730895
1731333
1731344
1731345
1731762
1731763
1732184
1732185
1732620
1732621
1733066
1733067
1733518
1733519
1733964
1733965
1734412
1734413
1734858
1734859
1735311
1735312
1735313
1735837
1735838
1735839
1736445
1736446
1736447
1737051
1737052
1737053
1737579
1737580
1737581
1738103
1738104
1738105
1738707
1738708
1738709
1739321
1739322
1739323
1739854
1739855
1740412
1740413
1740976
1740977
1741586
1741587
1742242
1742243
1742800
1742801
1743412
1743413
1744000
1744001
1744690
1744691
1745246
1745247
1745850
1745906
1745907
1746286
1746323
1746324
1746325
1746994
1747043
1747044
1747045
1747676
1747677
1748150
1748151
1748846
1748847
1749282
1749283
1749814
1749815
1750268
1750269
1750755
1750756
1750757
1751480
1751481
1751868
1752034
1752035
1752460
1752461
1752864
1753224
1753428
1753429
1753906
1753907
1754417
1754418
1754419
1754947
1754952
1754953
1755396
1755397
1755918
1755919
1756448
1756449
1757180
1757382
1757710
1757711
1758376
1758377
1758883
1758884
1758885
1759521
1759526
1759766
1759767
1760174
1760175
1760664
1760665
1761126
1761482
1761483
1761961
1761962
1761963
1762624
1762974
1763276
1763277
1763674
1763675
1764078
1764079
1764656
1764657
1765040
1765208
1765209
1765610
1765611
1766046
1766411
1766412
1766413
1767104
1767105
1767609
1767610
1767611
1768133
1768138
1768139
1768656
1768657
1769096
1769097
1769826
1769827
1770360
1770361
1770816
1770817
1771318
1771392
1771393
1772045
1772052
1772053
1772510
1772511
1772918
1773282
1773283
1773693
1773694
1773695
1774418
1774419
1775180
1775486
1775487
1775882
1776234
1776235
1776758
1776759
1777356
1777357
1777919
1777920
1778032
1778033
1778464
1778465
1779114
1779136
1779137
1779532
1779779
1779784
1779785
1780274
1780275
1780720
1780721
1781388
1781389
1781816
1781817
1782274
1782275
1782676
1783024
1783025
1783400
1783530
1783531
1783984
1783985
1784376
1784377
1784790
1784791
1785180
1785270
1785271
1785735
1785736
1785946
1785947
1786358
1786359
1786974
1786975
1787443
1787444
1787662
1787663
1788484
1788485
1788932
1788933
1789430
1789670
1789671
1790058
1790059
1790511
1790512
1790513
1791132
1791133
1791622
1791674
1791675
1792374
1792375
1792826
1793066
1793067
1793596
1793597
1794047
1794048
1794049
1794806
1794980
1795192
1795193
1795673
1795674
1795890
1795891
1796553
1796554
1796555
1797121
1797122
1797123
1797689
1797690
1797691
1798393
1798395
1798396
1798397
